5.205999999999999517e+01
6.031999999999999318e+01
6.765999999999999659e+01
7.070000000000000284e+01
7.276000000000000512e+01
7.579999999999999716e+01
7.642000000000000171e+01
7.645999999999999375e+01
7.842000000000000171e+01
7.923999999999999488e+01
7.973999999999999488e+01
7.940000000000000568e+01
8.034000000000000341e+01
8.071999999999999886e+01
8.182000000000000739e+01
8.228000000000000114e+01
8.235999999999999943e+01
8.189999999999999147e+01
8.215999999999999659e+01
8.207999999999999829e+01
8.326000000000000512e+01
8.367999999999999261e+01
8.321999999999999886e+01
8.307999999999999829e+01
8.365999999999999659e+01
8.421999999999999886e+01
8.354000000000000625e+01
8.471999999999999886e+01
8.300000000000000000e+01
8.421999999999999886e+01
8.485999999999999943e+01
8.521999999999999886e+01
8.584000000000000341e+01
8.468000000000000682e+01
8.479999999999999716e+01
8.576000000000000512e+01
8.474000000000000909e+01
8.556000000000000227e+01
8.568000000000000682e+01
8.574000000000000909e+01
8.476000000000000512e+01
8.653999999999999204e+01
8.601999999999999602e+01
8.635999999999999943e+01
8.550000000000000000e+01
8.507999999999999829e+01
8.609999999999999432e+01
8.596000000000000796e+01
8.679999999999999716e+01
8.584000000000000341e+01
8.600000000000000000e+01
8.594000000000001194e+01
8.629999999999999716e+01
8.564000000000000057e+01
8.606000000000000227e+01
8.611999999999999034e+01
8.614000000000000057e+01
8.640000000000000568e+01
8.628000000000000114e+01
8.661999999999999034e+01
8.665999999999999659e+01
8.661999999999999034e+01
8.671999999999999886e+01
8.635999999999999943e+01
8.650000000000000000e+01
8.753999999999999204e+01
8.642000000000000171e+01
8.646000000000000796e+01
8.700000000000000000e+01
8.720000000000000284e+01
8.665999999999999659e+01
8.742000000000000171e+01
8.728000000000000114e+01
8.714000000000000057e+01
8.706000000000000227e+01
8.726000000000000512e+01
8.721999999999999886e+01
8.729999999999999716e+01
8.693999999999999773e+01
8.764000000000000057e+01
8.733999999999998920e+01
8.693999999999999773e+01
8.712000000000000455e+01
8.714000000000000057e+01
8.714000000000000057e+01
8.624000000000000909e+01
8.766000000000001080e+01
8.731999999999999318e+01
8.773999999999999488e+01
8.637999999999999545e+01
8.778000000000000114e+01
8.721999999999999886e+01
8.787999999999999545e+01
8.751999999999999602e+01
8.737999999999999545e+01
8.770000000000000284e+01
8.771999999999999886e+01
8.764000000000000057e+01
8.679999999999999716e+01
8.846000000000000796e+01
8.814000000000000057e+01
8.803999999999999204e+01
8.884000000000000341e+01
8.888000000000000966e+01
8.893999999999999773e+01
8.853999999999999204e+01
8.859999999999999432e+01
8.866000000000001080e+01
8.901999999999999602e+01
8.929999999999999716e+01
8.907999999999999829e+01
8.898000000000000398e+01
8.890000000000000568e+01
8.921999999999999886e+01
8.929999999999999716e+01
8.871999999999999886e+01
8.909999999999999432e+01
8.957999999999999829e+01
8.909999999999999432e+01
8.888000000000000966e+01
8.907999999999999829e+01
8.884000000000000341e+01
8.892000000000000171e+01
8.888000000000000966e+01
8.920000000000000284e+01
8.921999999999999886e+01
8.960000000000000853e+01
8.925999999999999091e+01
8.928000000000000114e+01
8.905999999999998806e+01
8.928000000000000114e+01
8.828000000000000114e+01
8.870000000000000284e+01
8.866000000000001080e+01
8.864000000000000057e+01
8.923999999999999488e+01
8.943999999999999773e+01
8.895999999999999375e+01
8.914000000000000057e+01
8.866000000000001080e+01
8.846000000000000796e+01
8.914000000000000057e+01
8.929999999999999716e+01
8.928000000000000114e+01
8.901999999999999602e+01
8.881999999999999318e+01
8.900000000000000000e+01
8.921999999999999886e+01
8.898000000000000398e+01
8.918000000000000682e+01
8.920000000000000284e+01
8.921999999999999886e+01
8.878000000000000114e+01
8.953999999999999204e+01
8.940000000000000568e+01
8.943999999999999773e+01
8.935999999999999943e+01
8.921999999999999886e+01
8.923999999999999488e+01
8.881999999999999318e+01
8.901999999999999602e+01
8.943999999999999773e+01
8.881999999999999318e+01
8.912000000000000455e+01
8.929999999999999716e+01
8.879999999999999716e+01
8.859999999999999432e+01
8.923999999999999488e+01
8.940000000000000568e+01
8.907999999999999829e+01
8.901999999999999602e+01
8.907999999999999829e+01
8.918000000000000682e+01
8.935999999999999943e+01
8.935999999999999943e+01
8.945999999999999375e+01
8.951999999999999602e+01
8.921999999999999886e+01
8.907999999999999829e+01
8.915999999999999659e+01
8.900000000000000000e+01
8.893999999999999773e+01
8.923999999999999488e+01
8.957999999999999829e+01
8.905999999999998806e+01
8.857999999999999829e+01
8.879999999999999716e+01
8.900000000000000000e+01
8.898000000000000398e+01
8.940000000000000568e+01
8.912000000000000455e+01
8.953999999999999204e+01
8.885999999999999943e+01
8.940000000000000568e+01
8.973999999999999488e+01
8.905999999999998806e+01
8.864000000000000057e+01
8.878000000000000114e+01
8.866000000000001080e+01
8.912000000000000455e+01
8.921999999999999886e+01
8.981999999999999318e+01
8.957999999999999829e+01
8.965999999999999659e+01
8.931999999999999318e+01
8.979999999999999716e+01
8.938000000000000966e+01
8.903999999999999204e+01
9.010000000000000853e+01
8.942000000000000171e+01
8.978000000000000114e+01
8.900000000000000000e+01
8.940000000000000568e+01
8.945999999999999375e+01
8.998000000000000398e+01
9.021999999999999886e+01
8.921999999999999886e+01
8.900000000000000000e+01
8.885999999999999943e+01
8.905999999999998806e+01
8.900000000000000000e+01
8.978000000000000114e+01
9.040000000000000568e+01
8.998000000000000398e+01
8.912000000000000455e+01
8.950000000000000000e+01
8.951999999999999602e+01
8.943999999999999773e+01
8.893999999999999773e+01
8.881999999999999318e+01
8.935999999999999943e+01
8.950000000000000000e+01
8.909999999999999432e+01
8.918000000000000682e+01
8.914000000000000057e+01
8.951999999999999602e+01
8.840000000000000568e+01
8.960000000000000853e+01
8.984000000000000341e+01
8.981999999999999318e+01
8.957999999999999829e+01
8.950000000000000000e+01
8.940000000000000568e+01
8.968000000000000682e+01
8.943999999999999773e+01
8.978000000000000114e+01
8.973999999999999488e+01
8.990000000000000568e+01
8.934000000000000341e+01
8.964000000000000057e+01
8.965999999999999659e+01
8.898000000000000398e+01
8.920000000000000284e+01
8.948000000000000398e+01
8.956000000000000227e+01
8.875999999999999091e+01
8.856000000000000227e+01
8.993999999999999773e+01
9.025999999999999091e+01
8.965999999999999659e+01
8.962000000000000455e+01
8.920000000000000284e+01
8.960000000000000853e+01
8.950000000000000000e+01
8.940000000000000568e+01
8.940000000000000568e+01
8.970000000000000284e+01
8.935999999999999943e+01
8.964000000000000057e+01
8.870000000000000284e+01
9.007999999999999829e+01
8.928000000000000114e+01
8.953999999999999204e+01
8.962000000000000455e+01
9.031999999999999318e+01
8.984000000000000341e+01
8.957999999999999829e+01
8.900000000000000000e+01
8.871999999999999886e+01
8.900000000000000000e+01
8.929999999999999716e+01
8.938000000000000966e+01
8.935999999999999943e+01
8.892000000000000171e+01
8.892000000000000171e+01
8.953999999999999204e+01
8.928000000000000114e+01
9.001999999999999602e+01
8.945999999999999375e+01
8.868000000000000682e+01
8.948000000000000398e+01
9.000000000000000000e+01
8.957999999999999829e+01
8.934000000000000341e+01
8.938000000000000966e+01
8.978000000000000114e+01
8.935999999999999943e+01
8.903999999999999204e+01
8.895999999999999375e+01
8.892000000000000171e+01
9.000000000000000000e+01
8.957999999999999829e+01
8.970000000000000284e+01
8.945999999999999375e+01
8.990000000000000568e+01
8.992000000000000171e+01
8.981999999999999318e+01
8.914000000000000057e+01
8.964000000000000057e+01
8.940000000000000568e+01
8.900000000000000000e+01
8.950000000000000000e+01
8.951999999999999602e+01
8.925999999999999091e+01
8.935999999999999943e+01
8.957999999999999829e+01
8.951999999999999602e+01
8.915999999999999659e+01
8.965999999999999659e+01
8.901999999999999602e+01
8.957999999999999829e+01
8.871999999999999886e+01
8.935999999999999943e+01
8.979999999999999716e+01
8.921999999999999886e+01
8.964000000000000057e+01
8.923999999999999488e+01
8.901999999999999602e+01
8.979999999999999716e+01
8.923999999999999488e+01
8.960000000000000853e+01
8.898000000000000398e+01
8.942000000000000171e+01
8.931999999999999318e+01
8.905999999999998806e+01
8.953999999999999204e+01
8.931999999999999318e+01
8.970000000000000284e+01
9.007999999999999829e+01
8.953999999999999204e+01
8.943999999999999773e+01
8.971999999999999886e+01
8.901999999999999602e+01
8.962000000000000455e+01
8.929999999999999716e+01
8.859999999999999432e+01
8.990000000000000568e+01
8.990000000000000568e+01
8.898000000000000398e+01
8.918000000000000682e+01
8.903999999999999204e+01
8.921999999999999886e+01
8.965999999999999659e+01
8.903999999999999204e+01
8.923999999999999488e+01
8.940000000000000568e+01
8.981999999999999318e+01
8.950000000000000000e+01
9.003999999999999204e+01
8.938000000000000966e+01
8.921999999999999886e+01
8.975999999999999091e+01
8.929999999999999716e+01
8.934000000000000341e+01
8.938000000000000966e+01
8.975999999999999091e+01
8.950000000000000000e+01
8.943999999999999773e+01
9.000000000000000000e+01
8.928000000000000114e+01
8.981999999999999318e+01
8.935999999999999943e+01
8.923999999999999488e+01
9.012000000000000455e+01
8.960000000000000853e+01
8.907999999999999829e+01
9.007999999999999829e+01
8.948000000000000398e+01
8.935999999999999943e+01
8.948000000000000398e+01
9.003999999999999204e+01
8.912000000000000455e+01
8.875999999999999091e+01
8.920000000000000284e+01
8.942000000000000171e+01
8.893999999999999773e+01
8.951999999999999602e+01
8.929999999999999716e+01
8.973999999999999488e+01
8.985999999999999943e+01
8.938000000000000966e+01
8.965999999999999659e+01
8.948000000000000398e+01
8.890000000000000568e+01
8.935999999999999943e+01
8.905999999999998806e+01
8.973999999999999488e+01
8.931999999999999318e+01
8.943999999999999773e+01
8.985999999999999943e+01
9.012000000000000455e+01
8.953999999999999204e+01
8.995999999999999375e+01
8.992000000000000171e+01
8.925999999999999091e+01
8.945999999999999375e+01
8.953999999999999204e+01
8.920000000000000284e+01
8.918000000000000682e+01
8.993999999999999773e+01
8.971999999999999886e+01
8.973999999999999488e+01
8.940000000000000568e+01
8.929999999999999716e+01
8.992000000000000171e+01
8.898000000000000398e+01
8.868000000000000682e+01
8.884000000000000341e+01
8.920000000000000284e+01
8.907999999999999829e+01
8.938000000000000966e+01
8.978000000000000114e+01
8.998000000000000398e+01
8.931999999999999318e+01
8.923999999999999488e+01
8.934000000000000341e+01
8.935999999999999943e+01
8.881999999999999318e+01
8.915999999999999659e+01
8.935999999999999943e+01
8.992000000000000171e+01
8.950000000000000000e+01
8.953999999999999204e+01
8.942000000000000171e+01
9.020000000000000284e+01
8.962000000000000455e+01
8.940000000000000568e+01
8.923999999999999488e+01
8.943999999999999773e+01
8.942000000000000171e+01
8.984000000000000341e+01
8.968000000000000682e+01
8.945999999999999375e+01
8.931999999999999318e+01
8.928000000000000114e+01
8.928000000000000114e+01
8.960000000000000853e+01
8.921999999999999886e+01
8.956000000000000227e+01
8.951999999999999602e+01
8.964000000000000057e+01
8.962000000000000455e+01
8.964000000000000057e+01
8.964000000000000057e+01
8.934000000000000341e+01
9.000000000000000000e+01
8.981999999999999318e+01
8.907999999999999829e+01
8.990000000000000568e+01
8.903999999999999204e+01
8.962000000000000455e+01
8.960000000000000853e+01
8.940000000000000568e+01
8.981999999999999318e+01
8.909999999999999432e+01
8.965999999999999659e+01
9.007999999999999829e+01
8.934000000000000341e+01
8.934000000000000341e+01
8.938000000000000966e+01
8.951999999999999602e+01
8.935999999999999943e+01
8.925999999999999091e+01
8.956000000000000227e+01
8.928000000000000114e+01
8.943999999999999773e+01
8.979999999999999716e+01
8.935999999999999943e+01
8.985999999999999943e+01
8.984000000000000341e+01
8.905999999999998806e+01
8.984000000000000341e+01
8.950000000000000000e+01
8.893999999999999773e+01
8.981999999999999318e+01
8.864000000000000057e+01
8.948000000000000398e+01
8.953999999999999204e+01
8.945999999999999375e+01
8.951999999999999602e+01
8.921999999999999886e+01
8.938000000000000966e+01
8.929999999999999716e+01
8.971999999999999886e+01
8.978000000000000114e+01
8.978000000000000114e+01
8.950000000000000000e+01
8.918000000000000682e+01
8.993999999999999773e+01
8.920000000000000284e+01
