9.650000000000000000e+01
9.750000000000000000e+01
9.764000000000000057e+01
9.800000000000000000e+01
9.818000000000000682e+01
9.834000000000000341e+01
9.837000000000000455e+01
9.850999999999999091e+01
9.855000000000001137e+01
9.851999999999999602e+01
9.848999999999999488e+01
9.861999999999999034e+01
9.864000000000000057e+01
9.850999999999999091e+01
9.850999999999999091e+01
9.859999999999999432e+01
9.878000000000000114e+01
9.874000000000000909e+01
9.876999999999999602e+01
9.865999999999999659e+01
9.867000000000000171e+01
9.885000000000000853e+01
9.882999999999999829e+01
9.881999999999999318e+01
9.885999999999999943e+01
9.879000000000000625e+01
9.885000000000000853e+01
9.885999999999999943e+01
9.875000000000000000e+01
9.875000000000000000e+01
9.881000000000000227e+01
9.895000000000000284e+01
9.872999999999998977e+01
9.881000000000000227e+01
9.890000000000000568e+01
9.883999999999998920e+01
9.892999999999999261e+01
9.885999999999999943e+01
9.896999999999999886e+01
9.871999999999999886e+01
9.887999999999999545e+01
9.875000000000000000e+01
9.892999999999999261e+01
9.890999999999999659e+01
9.901999999999999602e+01
9.882999999999999829e+01
9.890999999999999659e+01
9.883999999999998920e+01
9.885000000000000853e+01
9.887000000000000455e+01
9.893999999999999773e+01
9.890999999999999659e+01
9.882999999999999829e+01
9.889000000000000057e+01
9.887000000000000455e+01
9.887000000000000455e+01
9.907000000000000739e+01
9.901999999999999602e+01
9.887999999999999545e+01
9.870000000000000284e+01
9.882999999999999829e+01
9.881000000000000227e+01
9.865000000000000568e+01
9.881000000000000227e+01
9.870999999999999375e+01
9.885000000000000853e+01
9.881999999999999318e+01
9.870999999999999375e+01
9.882999999999999829e+01
9.870000000000000284e+01
9.890999999999999659e+01
9.903000000000000114e+01
9.893999999999999773e+01
9.878000000000000114e+01
9.898000000000000398e+01
9.890999999999999659e+01
9.876999999999999602e+01
9.898999999999999488e+01
9.895000000000000284e+01
9.887999999999999545e+01
9.860999999999999943e+01
9.862999999999999545e+01
9.889000000000000057e+01
9.876000000000000512e+01
9.890000000000000568e+01
9.883999999999998920e+01
9.883999999999998920e+01
9.903999999999999204e+01
9.896999999999999886e+01
9.890000000000000568e+01
9.890000000000000568e+01
9.895000000000000284e+01
9.870000000000000284e+01
9.887000000000000455e+01
9.900999999999999091e+01
9.879999999999999716e+01
9.900999999999999091e+01
9.881999999999999318e+01
9.892999999999999261e+01
9.898000000000000398e+01
9.893999999999999773e+01
9.874000000000000909e+01
9.882999999999999829e+01
9.885000000000000853e+01
9.896999999999999886e+01
9.887999999999999545e+01
9.883999999999998920e+01
9.887999999999999545e+01
9.883999999999998920e+01
9.896999999999999886e+01
9.883999999999998920e+01
9.876999999999999602e+01
9.885000000000000853e+01
9.890000000000000568e+01
9.879999999999999716e+01
9.893999999999999773e+01
9.905000000000001137e+01
9.893999999999999773e+01
9.875000000000000000e+01
9.885000000000000853e+01
9.903000000000000114e+01
9.878000000000000114e+01
9.885000000000000853e+01
9.892999999999999261e+01
9.883999999999998920e+01
9.887000000000000455e+01
9.870000000000000284e+01
9.892000000000000171e+01
9.887999999999999545e+01
9.900000000000000000e+01
9.907000000000000739e+01
9.881000000000000227e+01
9.893999999999999773e+01
9.892999999999999261e+01
9.912999999999999545e+01
9.896999999999999886e+01
9.889000000000000057e+01
9.881000000000000227e+01
9.892000000000000171e+01
9.892000000000000171e+01
9.903000000000000114e+01
9.892999999999999261e+01
9.900000000000000000e+01
9.907000000000000739e+01
9.898000000000000398e+01
9.893999999999999773e+01
9.879000000000000625e+01
9.903000000000000114e+01
9.900999999999999091e+01
9.903000000000000114e+01
9.896999999999999886e+01
9.885999999999999943e+01
9.900000000000000000e+01
9.892999999999999261e+01
9.895000000000000284e+01
9.885000000000000853e+01
9.892999999999999261e+01
9.903999999999999204e+01
9.892000000000000171e+01
9.870999999999999375e+01
9.903000000000000114e+01
9.883999999999998920e+01
9.896000000000000796e+01
9.900999999999999091e+01
9.887999999999999545e+01
9.892000000000000171e+01
9.882999999999999829e+01
9.885999999999999943e+01
9.903999999999999204e+01
9.895000000000000284e+01
9.896999999999999886e+01
9.892000000000000171e+01
9.885999999999999943e+01
9.885999999999999943e+01
9.890000000000000568e+01
9.900999999999999091e+01
9.885000000000000853e+01
9.896000000000000796e+01
9.895000000000000284e+01
9.878000000000000114e+01
9.896000000000000796e+01
9.903999999999999204e+01
9.907000000000000739e+01
9.898000000000000398e+01
9.892999999999999261e+01
9.893999999999999773e+01
9.895000000000000284e+01
9.881000000000000227e+01
9.885000000000000853e+01
9.907000000000000739e+01
9.883999999999998920e+01
9.895000000000000284e+01
9.865999999999999659e+01
9.907999999999999829e+01
9.890999999999999659e+01
9.890999999999999659e+01
9.898000000000000398e+01
9.881000000000000227e+01
9.896999999999999886e+01
9.895000000000000284e+01
9.890999999999999659e+01
9.878000000000000114e+01
9.895000000000000284e+01
9.892000000000000171e+01
9.887999999999999545e+01
9.870999999999999375e+01
9.881000000000000227e+01
9.900000000000000000e+01
9.898999999999999488e+01
9.887999999999999545e+01
9.903000000000000114e+01
9.898999999999999488e+01
9.870999999999999375e+01
9.905000000000001137e+01
9.898999999999999488e+01
9.889000000000000057e+01
9.898000000000000398e+01
9.898000000000000398e+01
9.892000000000000171e+01
9.893999999999999773e+01
9.900000000000000000e+01
9.892000000000000171e+01
9.871999999999999886e+01
9.870000000000000284e+01
9.892000000000000171e+01
9.898000000000000398e+01
9.890999999999999659e+01
9.896999999999999886e+01
9.893999999999999773e+01
9.907000000000000739e+01
9.892999999999999261e+01
9.896000000000000796e+01
9.876000000000000512e+01
9.903999999999999204e+01
9.890999999999999659e+01
9.874000000000000909e+01
9.885000000000000853e+01
9.890999999999999659e+01
9.870999999999999375e+01
9.896999999999999886e+01
9.881000000000000227e+01
9.900999999999999091e+01
9.905000000000001137e+01
9.887000000000000455e+01
9.906000000000000227e+01
9.898999999999999488e+01
9.882999999999999829e+01
9.892000000000000171e+01
9.885999999999999943e+01
9.896999999999999886e+01
9.893999999999999773e+01
9.883999999999998920e+01
9.879999999999999716e+01
9.883999999999998920e+01
9.898000000000000398e+01
9.893999999999999773e+01
9.903999999999999204e+01
9.874000000000000909e+01
9.887000000000000455e+01
9.905000000000001137e+01
9.885999999999999943e+01
9.885000000000000853e+01
9.896000000000000796e+01
9.898000000000000398e+01
9.892999999999999261e+01
9.882999999999999829e+01
9.893999999999999773e+01
9.892999999999999261e+01
9.898000000000000398e+01
9.892999999999999261e+01
9.910999999999999943e+01
9.890999999999999659e+01
9.900000000000000000e+01
9.900000000000000000e+01
9.900000000000000000e+01
9.909000000000000341e+01
9.892999999999999261e+01
9.901999999999999602e+01
9.900999999999999091e+01
9.900000000000000000e+01
9.890999999999999659e+01
9.876000000000000512e+01
9.910999999999999943e+01
9.907000000000000739e+01
9.895000000000000284e+01
9.885999999999999943e+01
9.895000000000000284e+01
9.900000000000000000e+01
9.895000000000000284e+01
9.879000000000000625e+01
9.898000000000000398e+01
9.878000000000000114e+01
9.912999999999999545e+01
9.906000000000000227e+01
9.892000000000000171e+01
9.903000000000000114e+01
9.906000000000000227e+01
9.896000000000000796e+01
9.898999999999999488e+01
9.906000000000000227e+01
9.896000000000000796e+01
9.909999999999999432e+01
9.885999999999999943e+01
9.882999999999999829e+01
9.896999999999999886e+01
9.900000000000000000e+01
9.900000000000000000e+01
9.903000000000000114e+01
9.879000000000000625e+01
9.889000000000000057e+01
9.895000000000000284e+01
9.905000000000001137e+01
9.915000000000000568e+01
9.898000000000000398e+01
9.892999999999999261e+01
9.878000000000000114e+01
9.896999999999999886e+01
9.881999999999999318e+01
9.892000000000000171e+01
9.893999999999999773e+01
9.909000000000000341e+01
9.896999999999999886e+01
9.857999999999999829e+01
9.910999999999999943e+01
9.896000000000000796e+01
9.889000000000000057e+01
9.887999999999999545e+01
9.903999999999999204e+01
9.890999999999999659e+01
9.874000000000000909e+01
9.905000000000001137e+01
9.890000000000000568e+01
9.909999999999999432e+01
9.905000000000001137e+01
9.887999999999999545e+01
9.903999999999999204e+01
9.885000000000000853e+01
9.915000000000000568e+01
9.890999999999999659e+01
9.898000000000000398e+01
9.881999999999999318e+01
9.834000000000000341e+01
9.889000000000000057e+01
9.896000000000000796e+01
9.878000000000000114e+01
9.898999999999999488e+01
9.890000000000000568e+01
9.898000000000000398e+01
9.876999999999999602e+01
9.905000000000001137e+01
9.893999999999999773e+01
9.898999999999999488e+01
9.903999999999999204e+01
9.895000000000000284e+01
9.885000000000000853e+01
9.900999999999999091e+01
9.896999999999999886e+01
9.905000000000001137e+01
9.900000000000000000e+01
9.903000000000000114e+01
9.896000000000000796e+01
9.895000000000000284e+01
9.900999999999999091e+01
9.909999999999999432e+01
9.892000000000000171e+01
9.900999999999999091e+01
9.885999999999999943e+01
9.890000000000000568e+01
9.903999999999999204e+01
9.909999999999999432e+01
9.906000000000000227e+01
9.898000000000000398e+01
9.909999999999999432e+01
9.896999999999999886e+01
9.887000000000000455e+01
9.898999999999999488e+01
9.896000000000000796e+01
9.898000000000000398e+01
9.890999999999999659e+01
9.892999999999999261e+01
9.898999999999999488e+01
9.901999999999999602e+01
9.892999999999999261e+01
9.900999999999999091e+01
9.906000000000000227e+01
9.900000000000000000e+01
9.890999999999999659e+01
9.896999999999999886e+01
9.896000000000000796e+01
9.881000000000000227e+01
9.910999999999999943e+01
9.890999999999999659e+01
9.896999999999999886e+01
9.887999999999999545e+01
9.917000000000000171e+01
9.892999999999999261e+01
9.906000000000000227e+01
9.898000000000000398e+01
9.907999999999999829e+01
9.907999999999999829e+01
9.892000000000000171e+01
9.898999999999999488e+01
9.911999999999999034e+01
9.870000000000000284e+01
9.907000000000000739e+01
9.890000000000000568e+01
9.898000000000000398e+01
9.903000000000000114e+01
9.898000000000000398e+01
9.882999999999999829e+01
9.903999999999999204e+01
9.896999999999999886e+01
9.890999999999999659e+01
9.887000000000000455e+01
9.890999999999999659e+01
9.890999999999999659e+01
9.907999999999999829e+01
9.890000000000000568e+01
9.907999999999999829e+01
9.892000000000000171e+01
9.900999999999999091e+01
9.881999999999999318e+01
9.892999999999999261e+01
9.896000000000000796e+01
9.898000000000000398e+01
9.909999999999999432e+01
9.898000000000000398e+01
9.896000000000000796e+01
9.896000000000000796e+01
9.905000000000001137e+01
9.896000000000000796e+01
9.890000000000000568e+01
9.903999999999999204e+01
9.898999999999999488e+01
9.876999999999999602e+01
9.889000000000000057e+01
9.907000000000000739e+01
9.893999999999999773e+01
9.896000000000000796e+01
9.903999999999999204e+01
9.895000000000000284e+01
9.881000000000000227e+01
9.896000000000000796e+01
9.903000000000000114e+01
9.892000000000000171e+01
9.889000000000000057e+01
9.900999999999999091e+01
9.889000000000000057e+01
9.889000000000000057e+01
9.910999999999999943e+01
9.892999999999999261e+01
9.896000000000000796e+01
9.892999999999999261e+01
9.901999999999999602e+01
9.896000000000000796e+01
9.890000000000000568e+01
9.892999999999999261e+01
9.907000000000000739e+01
9.898999999999999488e+01
9.890000000000000568e+01
9.900000000000000000e+01
9.901999999999999602e+01
9.901999999999999602e+01
9.893999999999999773e+01
9.900000000000000000e+01
9.883999999999998920e+01
9.876999999999999602e+01
9.896999999999999886e+01
9.890999999999999659e+01
9.907999999999999829e+01
9.910999999999999943e+01
9.903999999999999204e+01
9.896000000000000796e+01
9.890999999999999659e+01
9.905000000000001137e+01
9.910999999999999943e+01
9.900999999999999091e+01
9.874000000000000909e+01
9.900999999999999091e+01
9.892000000000000171e+01
9.907000000000000739e+01
9.896000000000000796e+01
9.907999999999999829e+01
9.898000000000000398e+01
9.893999999999999773e+01
9.909999999999999432e+01
9.887999999999999545e+01
9.901999999999999602e+01
9.890999999999999659e+01
9.900999999999999091e+01
9.875000000000000000e+01
9.892000000000000171e+01
9.896000000000000796e+01
9.898000000000000398e+01
9.907000000000000739e+01
9.896000000000000796e+01
9.900999999999999091e+01
9.887999999999999545e+01
9.882999999999999829e+01
9.901999999999999602e+01
