9.846000000000000796e+01
9.900000000000000000e+01
9.910999999999999943e+01
9.926000000000000512e+01
9.911999999999999034e+01
9.923999999999999488e+01
9.928000000000000114e+01
9.933999999999998920e+01
9.935999999999999943e+01
9.929999999999999716e+01
9.937999999999999545e+01
9.931000000000000227e+01
9.940000000000000568e+01
9.940000000000000568e+01
9.943999999999999773e+01
9.946000000000000796e+01
9.942000000000000171e+01
9.943999999999999773e+01
9.946000000000000796e+01
9.948000000000000398e+01
9.948000000000000398e+01
9.946999999999999886e+01
9.946999999999999886e+01
9.945000000000000284e+01
9.942999999999999261e+01
9.942999999999999261e+01
9.946999999999999886e+01
9.946999999999999886e+01
9.946000000000000796e+01
9.945000000000000284e+01
9.942000000000000171e+01
9.948000000000000398e+01
9.950000000000000000e+01
9.940999999999999659e+01
9.946000000000000796e+01
9.946000000000000796e+01
9.948000000000000398e+01
9.945000000000000284e+01
9.948000000000000398e+01
9.950000000000000000e+01
9.946000000000000796e+01
9.946000000000000796e+01
9.945000000000000284e+01
9.945000000000000284e+01
9.945000000000000284e+01
9.948999999999999488e+01
9.946000000000000796e+01
9.946999999999999886e+01
9.943999999999999773e+01
9.946000000000000796e+01
9.946000000000000796e+01
9.943999999999999773e+01
9.951000000000000512e+01
9.946000000000000796e+01
9.951000000000000512e+01
9.942000000000000171e+01
9.946000000000000796e+01
9.946000000000000796e+01
9.946999999999999886e+01
9.945000000000000284e+01
9.948999999999999488e+01
9.950000000000000000e+01
9.946999999999999886e+01
9.946000000000000796e+01
9.948000000000000398e+01
9.946000000000000796e+01
9.946999999999999886e+01
9.940000000000000568e+01
9.943999999999999773e+01
9.946000000000000796e+01
9.943999999999999773e+01
9.948999999999999488e+01
9.942999999999999261e+01
9.946000000000000796e+01
9.945000000000000284e+01
9.951999999999999602e+01
9.950000000000000000e+01
9.943999999999999773e+01
9.946999999999999886e+01
9.948000000000000398e+01
9.945000000000000284e+01
9.946999999999999886e+01
9.951000000000000512e+01
9.945000000000000284e+01
9.945000000000000284e+01
9.946000000000000796e+01
9.946000000000000796e+01
9.946999999999999886e+01
9.948999999999999488e+01
9.946000000000000796e+01
9.946000000000000796e+01
9.951000000000000512e+01
9.950000000000000000e+01
9.946999999999999886e+01
9.943999999999999773e+01
9.948999999999999488e+01
9.946000000000000796e+01
9.946999999999999886e+01
9.946000000000000796e+01
9.946000000000000796e+01
9.948000000000000398e+01
9.946000000000000796e+01
9.943999999999999773e+01
9.946999999999999886e+01
9.950000000000000000e+01
9.945000000000000284e+01
9.948000000000000398e+01
9.945000000000000284e+01
9.946999999999999886e+01
9.946999999999999886e+01
9.951000000000000512e+01
9.948000000000000398e+01
9.946000000000000796e+01
9.946000000000000796e+01
9.948999999999999488e+01
9.943999999999999773e+01
9.946999999999999886e+01
9.945000000000000284e+01
9.946000000000000796e+01
9.946000000000000796e+01
9.945000000000000284e+01
9.948999999999999488e+01
9.946999999999999886e+01
9.946000000000000796e+01
9.950000000000000000e+01
9.946000000000000796e+01
9.946999999999999886e+01
9.946999999999999886e+01
9.946999999999999886e+01
9.946000000000000796e+01
9.946000000000000796e+01
9.946000000000000796e+01
9.948999999999999488e+01
9.951000000000000512e+01
9.946000000000000796e+01
9.946000000000000796e+01
9.943999999999999773e+01
9.946999999999999886e+01
9.945000000000000284e+01
9.946999999999999886e+01
9.945000000000000284e+01
9.946999999999999886e+01
9.948000000000000398e+01
9.951999999999999602e+01
9.951000000000000512e+01
9.948999999999999488e+01
9.942000000000000171e+01
9.951999999999999602e+01
9.942999999999999261e+01
9.948000000000000398e+01
9.946999999999999886e+01
9.946000000000000796e+01
9.948999999999999488e+01
9.943999999999999773e+01
9.946999999999999886e+01
9.945000000000000284e+01
9.946999999999999886e+01
9.946000000000000796e+01
9.948999999999999488e+01
9.948000000000000398e+01
9.948999999999999488e+01
9.950000000000000000e+01
9.948999999999999488e+01
9.948999999999999488e+01
9.951999999999999602e+01
9.948000000000000398e+01
9.948999999999999488e+01
9.951000000000000512e+01
9.945000000000000284e+01
9.946999999999999886e+01
9.948000000000000398e+01
9.948999999999999488e+01
9.948000000000000398e+01
9.948000000000000398e+01
9.950000000000000000e+01
9.948000000000000398e+01
9.948999999999999488e+01
9.948999999999999488e+01
9.951000000000000512e+01
9.948999999999999488e+01
9.948000000000000398e+01
9.946000000000000796e+01
9.950000000000000000e+01
9.950000000000000000e+01
9.948000000000000398e+01
9.948000000000000398e+01
9.951000000000000512e+01
9.948999999999999488e+01
9.950000000000000000e+01
9.951000000000000512e+01
9.946999999999999886e+01
9.948000000000000398e+01
9.948999999999999488e+01
9.951000000000000512e+01
9.946000000000000796e+01
9.948000000000000398e+01
9.948000000000000398e+01
9.948999999999999488e+01
9.946999999999999886e+01
9.951999999999999602e+01
9.946999999999999886e+01
9.948999999999999488e+01
9.948000000000000398e+01
9.946999999999999886e+01
9.945000000000000284e+01
9.946000000000000796e+01
9.948000000000000398e+01
9.948000000000000398e+01
9.945000000000000284e+01
9.948999999999999488e+01
9.946000000000000796e+01
9.948999999999999488e+01
9.948000000000000398e+01
9.951999999999999602e+01
9.951000000000000512e+01
9.945000000000000284e+01
9.950000000000000000e+01
9.948000000000000398e+01
9.946999999999999886e+01
9.951999999999999602e+01
9.946999999999999886e+01
9.950000000000000000e+01
9.946999999999999886e+01
9.948999999999999488e+01
9.948999999999999488e+01
9.953000000000000114e+01
9.951000000000000512e+01
9.950000000000000000e+01
9.950000000000000000e+01
9.946999999999999886e+01
9.951999999999999602e+01
9.950000000000000000e+01
9.948999999999999488e+01
9.951000000000000512e+01
9.946999999999999886e+01
9.945000000000000284e+01
9.946999999999999886e+01
9.948999999999999488e+01
9.951000000000000512e+01
9.948999999999999488e+01
9.948000000000000398e+01
9.948999999999999488e+01
9.951999999999999602e+01
9.946999999999999886e+01
9.948999999999999488e+01
9.948999999999999488e+01
9.951000000000000512e+01
9.946000000000000796e+01
9.946999999999999886e+01
9.951999999999999602e+01
9.946999999999999886e+01
9.948999999999999488e+01
9.948000000000000398e+01
9.948999999999999488e+01
9.950000000000000000e+01
9.948000000000000398e+01
9.948000000000000398e+01
9.946000000000000796e+01
9.946999999999999886e+01
9.950000000000000000e+01
9.948000000000000398e+01
9.951999999999999602e+01
9.951999999999999602e+01
9.948000000000000398e+01
9.950000000000000000e+01
9.942999999999999261e+01
9.948000000000000398e+01
9.953000000000000114e+01
9.950000000000000000e+01
9.948999999999999488e+01
9.946999999999999886e+01
9.945000000000000284e+01
9.948000000000000398e+01
9.950000000000000000e+01
9.948999999999999488e+01
9.946999999999999886e+01
9.946999999999999886e+01
9.951000000000000512e+01
9.951999999999999602e+01
9.946000000000000796e+01
9.948000000000000398e+01
9.950000000000000000e+01
9.951000000000000512e+01
9.948000000000000398e+01
9.948000000000000398e+01
9.950000000000000000e+01
9.948000000000000398e+01
9.948000000000000398e+01
9.948999999999999488e+01
9.951999999999999602e+01
9.951000000000000512e+01
9.950000000000000000e+01
9.953000000000000114e+01
9.951000000000000512e+01
9.951000000000000512e+01
9.951000000000000512e+01
9.948999999999999488e+01
9.948999999999999488e+01
9.950000000000000000e+01
9.951000000000000512e+01
9.951000000000000512e+01
9.953000000000000114e+01
9.951000000000000512e+01
9.950000000000000000e+01
9.951000000000000512e+01
9.946999999999999886e+01
9.946999999999999886e+01
9.946999999999999886e+01
9.946999999999999886e+01
9.953000000000000114e+01
9.950000000000000000e+01
9.946999999999999886e+01
9.946999999999999886e+01
9.948000000000000398e+01
9.948999999999999488e+01
9.948999999999999488e+01
9.948999999999999488e+01
9.946999999999999886e+01
9.946999999999999886e+01
9.946999999999999886e+01
9.948000000000000398e+01
9.948999999999999488e+01
9.951000000000000512e+01
9.950000000000000000e+01
9.946999999999999886e+01
9.946000000000000796e+01
9.946999999999999886e+01
9.951000000000000512e+01
9.945000000000000284e+01
9.948000000000000398e+01
9.948999999999999488e+01
9.948000000000000398e+01
9.950000000000000000e+01
9.951000000000000512e+01
9.946999999999999886e+01
9.946000000000000796e+01
9.953000000000000114e+01
9.948999999999999488e+01
9.950000000000000000e+01
9.948999999999999488e+01
9.946999999999999886e+01
9.948999999999999488e+01
9.950000000000000000e+01
9.946000000000000796e+01
9.950000000000000000e+01
9.945000000000000284e+01
9.950000000000000000e+01
9.948999999999999488e+01
9.946999999999999886e+01
9.951000000000000512e+01
9.948000000000000398e+01
9.951999999999999602e+01
9.948999999999999488e+01
9.946999999999999886e+01
9.946999999999999886e+01
9.950000000000000000e+01
9.948999999999999488e+01
9.948999999999999488e+01
9.948999999999999488e+01
9.948000000000000398e+01
9.948999999999999488e+01
9.948000000000000398e+01
9.950000000000000000e+01
9.950000000000000000e+01
9.955000000000001137e+01
9.951000000000000512e+01
9.948999999999999488e+01
9.948999999999999488e+01
9.948000000000000398e+01
9.951999999999999602e+01
9.951000000000000512e+01
9.951000000000000512e+01
9.951000000000000512e+01
9.948999999999999488e+01
9.950000000000000000e+01
9.948999999999999488e+01
9.948999999999999488e+01
9.948000000000000398e+01
9.948999999999999488e+01
9.950000000000000000e+01
9.950000000000000000e+01
9.953000000000000114e+01
9.948999999999999488e+01
9.948999999999999488e+01
9.950000000000000000e+01
9.953000000000000114e+01
9.951000000000000512e+01
9.948999999999999488e+01
9.946999999999999886e+01
9.951999999999999602e+01
9.951999999999999602e+01
9.951000000000000512e+01
9.945000000000000284e+01
9.953000000000000114e+01
9.950000000000000000e+01
9.946999999999999886e+01
9.948000000000000398e+01
9.948999999999999488e+01
9.953000000000000114e+01
9.950000000000000000e+01
9.951999999999999602e+01
9.950000000000000000e+01
9.948999999999999488e+01
9.946000000000000796e+01
9.948999999999999488e+01
9.948999999999999488e+01
9.948000000000000398e+01
9.946999999999999886e+01
9.948000000000000398e+01
9.951000000000000512e+01
9.948000000000000398e+01
9.951999999999999602e+01
9.948000000000000398e+01
9.950000000000000000e+01
9.951999999999999602e+01
9.951000000000000512e+01
9.950000000000000000e+01
9.948999999999999488e+01
9.946999999999999886e+01
9.951000000000000512e+01
9.951000000000000512e+01
9.951999999999999602e+01
9.946000000000000796e+01
9.953000000000000114e+01
9.948000000000000398e+01
9.948999999999999488e+01
9.950000000000000000e+01
9.946999999999999886e+01
9.950000000000000000e+01
9.948999999999999488e+01
9.951000000000000512e+01
9.953999999999999204e+01
9.953000000000000114e+01
9.948999999999999488e+01
9.948000000000000398e+01
9.948999999999999488e+01
9.948999999999999488e+01
9.953000000000000114e+01
9.951000000000000512e+01
9.955000000000001137e+01
9.951000000000000512e+01
9.953000000000000114e+01
9.951999999999999602e+01
9.948000000000000398e+01
9.951000000000000512e+01
9.951000000000000512e+01
9.948999999999999488e+01
9.951999999999999602e+01
9.948000000000000398e+01
9.950000000000000000e+01
9.953000000000000114e+01
9.950000000000000000e+01
9.951999999999999602e+01
9.953000000000000114e+01
9.951999999999999602e+01
9.946000000000000796e+01
9.951000000000000512e+01
9.950000000000000000e+01
9.946999999999999886e+01
9.953999999999999204e+01
9.948999999999999488e+01
9.948999999999999488e+01
9.948999999999999488e+01
9.953000000000000114e+01
9.946000000000000796e+01
9.951999999999999602e+01
9.948000000000000398e+01
9.951999999999999602e+01
9.951000000000000512e+01
9.951000000000000512e+01
9.950000000000000000e+01
9.951000000000000512e+01
9.953999999999999204e+01
9.951999999999999602e+01
9.950000000000000000e+01
9.950000000000000000e+01
9.951000000000000512e+01
9.948000000000000398e+01
9.951999999999999602e+01
9.948000000000000398e+01
9.951999999999999602e+01
9.951999999999999602e+01
9.950000000000000000e+01
9.950000000000000000e+01
9.951000000000000512e+01
9.948999999999999488e+01
9.948000000000000398e+01
9.953000000000000114e+01
9.950000000000000000e+01
9.951000000000000512e+01
9.951999999999999602e+01
9.953999999999999204e+01
9.951999999999999602e+01
9.948000000000000398e+01
9.951000000000000512e+01
9.953000000000000114e+01
9.948999999999999488e+01
9.953000000000000114e+01
9.951999999999999602e+01
9.951000000000000512e+01
