3.856000000000000227e+01
4.709999999999999432e+01
5.796000000000000085e+01
6.000000000000000000e+01
6.398000000000000398e+01
6.793999999999999773e+01
7.164000000000000057e+01
7.581999999999999318e+01
7.671999999999999886e+01
7.659999999999999432e+01
7.818000000000000682e+01
7.993999999999999773e+01
8.051999999999999602e+01
8.107999999999999829e+01
8.212000000000000455e+01
8.302000000000001023e+01
8.067999999999999261e+01
8.350000000000000000e+01
8.217999999999999261e+01
8.389999999999999147e+01
8.030000000000001137e+01
8.293999999999999773e+01
8.504000000000000625e+01
8.407999999999999829e+01
8.324000000000000909e+01
8.396000000000000796e+01
8.393999999999999773e+01
8.581999999999999318e+01
8.681999999999999318e+01
8.679999999999999716e+01
8.614000000000000057e+01
8.537999999999999545e+01
8.698000000000000398e+01
8.751999999999999602e+01
8.439999999999999147e+01
8.642000000000000171e+01
8.703999999999999204e+01
8.690000000000000568e+01
8.731999999999999318e+01
8.835999999999999943e+01
8.685999999999999943e+01
8.751999999999999602e+01
8.729999999999999716e+01
8.750000000000000000e+01
8.656000000000000227e+01
8.756000000000000227e+01
8.915999999999999659e+01
8.840000000000000568e+01
8.859999999999999432e+01
8.534000000000000341e+01
8.665999999999999659e+01
8.733999999999998920e+01
8.871999999999999886e+01
8.770000000000000284e+01
8.770000000000000284e+01
8.776000000000000512e+01
8.673999999999999488e+01
8.903999999999999204e+01
8.871999999999999886e+01
8.892000000000000171e+01
8.831999999999999318e+01
8.914000000000000057e+01
8.783999999999998920e+01
8.564000000000000057e+01
8.801999999999999602e+01
8.803999999999999204e+01
8.798000000000000398e+01
8.766000000000001080e+01
8.907999999999999829e+01
8.900000000000000000e+01
8.907999999999999829e+01
8.892000000000000171e+01
8.884000000000000341e+01
8.720000000000000284e+01
8.853999999999999204e+01
8.626000000000000512e+01
8.990000000000000568e+01
8.945999999999999375e+01
8.995999999999999375e+01
9.220000000000000284e+01
9.257999999999999829e+01
9.314000000000000057e+01
9.312000000000000455e+01
9.317999999999999261e+01
9.321999999999999886e+01
9.307999999999999829e+01
9.321999999999999886e+01
9.300000000000000000e+01
9.312000000000000455e+01
9.335999999999999943e+01
9.378000000000000114e+01
9.304000000000000625e+01
9.343999999999999773e+01
9.342000000000000171e+01
9.278000000000000114e+01
9.292000000000000171e+01
9.330000000000001137e+01
9.323999999999999488e+01
9.312000000000000455e+01
9.334000000000000341e+01
9.360000000000000853e+01
9.328000000000000114e+01
9.326000000000000512e+01
9.315999999999999659e+01
9.337999999999999545e+01
9.342000000000000171e+01
9.300000000000000000e+01
9.321999999999999886e+01
9.342000000000000171e+01
9.315999999999999659e+01
9.360000000000000853e+01
9.347999999999998977e+01
9.335999999999999943e+01
9.328000000000000114e+01
9.376000000000000512e+01
9.340000000000000568e+01
9.343999999999999773e+01
9.317999999999999261e+01
9.320000000000000284e+01
9.310000000000000853e+01
9.330000000000001137e+01
9.354000000000000625e+01
9.400000000000000000e+01
9.334000000000000341e+01
9.352000000000001023e+01
9.340000000000000568e+01
9.328000000000000114e+01
9.343999999999999773e+01
9.354000000000000625e+01
9.370000000000000284e+01
9.389999999999999147e+01
9.367999999999999261e+01
9.330000000000001137e+01
9.362000000000000455e+01
9.389999999999999147e+01
9.323999999999999488e+01
9.367999999999999261e+01
9.347999999999998977e+01
9.371999999999999886e+01
9.343999999999999773e+01
9.340000000000000568e+01
9.409999999999999432e+01
9.365999999999999659e+01
9.347999999999998977e+01
9.345999999999999375e+01
9.378000000000000114e+01
9.342000000000000171e+01
9.334000000000000341e+01
9.360000000000000853e+01
9.347999999999998977e+01
9.373999999999999488e+01
9.360000000000000853e+01
9.379999999999999716e+01
9.387999999999999545e+01
9.384000000000000341e+01
9.356000000000000227e+01
9.350000000000000000e+01
9.343999999999999773e+01
9.340000000000000568e+01
9.365999999999999659e+01
9.395999999999999375e+01
9.356000000000000227e+01
9.387999999999999545e+01
9.342000000000000171e+01
9.362000000000000455e+01
9.373999999999999488e+01
9.387999999999999545e+01
9.373999999999999488e+01
9.387999999999999545e+01
9.393999999999999773e+01
9.378000000000000114e+01
9.393999999999999773e+01
9.414000000000000057e+01
9.373999999999999488e+01
9.373999999999999488e+01
9.312000000000000455e+01
9.356000000000000227e+01
9.371999999999999886e+01
9.362000000000000455e+01
9.382000000000000739e+01
9.321999999999999886e+01
9.370000000000000284e+01
9.343999999999999773e+01
9.360000000000000853e+01
9.367999999999999261e+01
9.352000000000001023e+01
9.364000000000000057e+01
9.389999999999999147e+01
9.356000000000000227e+01
9.371999999999999886e+01
9.378000000000000114e+01
9.347999999999998977e+01
9.365999999999999659e+01
9.371999999999999886e+01
9.371999999999999886e+01
9.371999999999999886e+01
9.367999999999999261e+01
9.376000000000000512e+01
9.360000000000000853e+01
9.382000000000000739e+01
9.342000000000000171e+01
9.392000000000000171e+01
9.337999999999999545e+01
9.326000000000000512e+01
9.350000000000000000e+01
9.352000000000001023e+01
9.376000000000000512e+01
9.360000000000000853e+01
9.385999999999999943e+01
9.379999999999999716e+01
9.340000000000000568e+01
9.362000000000000455e+01
9.335999999999999943e+01
9.387999999999999545e+01
9.354000000000000625e+01
9.367999999999999261e+01
9.395999999999999375e+01
9.332000000000000739e+01
9.362000000000000455e+01
9.356000000000000227e+01
9.360000000000000853e+01
9.367999999999999261e+01
9.342000000000000171e+01
9.326000000000000512e+01
9.347999999999998977e+01
9.356000000000000227e+01
9.352000000000001023e+01
9.379999999999999716e+01
9.378000000000000114e+01
9.400000000000000000e+01
9.357999999999999829e+01
9.365999999999999659e+01
9.328000000000000114e+01
9.360000000000000853e+01
9.370000000000000284e+01
9.378000000000000114e+01
9.364000000000000057e+01
9.385999999999999943e+01
9.356000000000000227e+01
9.335999999999999943e+01
9.365999999999999659e+01
9.347999999999998977e+01
9.365999999999999659e+01
9.347999999999998977e+01
9.389999999999999147e+01
9.376000000000000512e+01
9.400000000000000000e+01
9.382000000000000739e+01
9.370000000000000284e+01
9.385999999999999943e+01
9.404000000000000625e+01
9.328000000000000114e+01
9.340000000000000568e+01
9.395999999999999375e+01
9.354000000000000625e+01
9.354000000000000625e+01
9.335999999999999943e+01
9.397999999999998977e+01
9.376000000000000512e+01
9.357999999999999829e+01
9.365999999999999659e+01
9.367999999999999261e+01
9.370000000000000284e+01
9.360000000000000853e+01
9.340000000000000568e+01
9.393999999999999773e+01
9.384000000000000341e+01
9.376000000000000512e+01
9.373999999999999488e+01
9.343999999999999773e+01
9.393999999999999773e+01
9.362000000000000455e+01
9.364000000000000057e+01
9.387999999999999545e+01
9.357999999999999829e+01
9.389999999999999147e+01
9.392000000000000171e+01
9.395999999999999375e+01
9.362000000000000455e+01
9.345999999999999375e+01
9.373999999999999488e+01
9.360000000000000853e+01
9.354000000000000625e+01
9.376000000000000512e+01
9.389999999999999147e+01
9.340000000000000568e+01
9.393999999999999773e+01
9.395999999999999375e+01
9.389999999999999147e+01
9.370000000000000284e+01
9.352000000000001023e+01
9.382000000000000739e+01
9.409999999999999432e+01
9.364000000000000057e+01
9.350000000000000000e+01
9.370000000000000284e+01
9.365999999999999659e+01
9.350000000000000000e+01
9.352000000000001023e+01
9.387999999999999545e+01
9.330000000000001137e+01
9.385999999999999943e+01
9.371999999999999886e+01
9.330000000000001137e+01
9.362000000000000455e+01
9.352000000000001023e+01
9.315999999999999659e+01
9.387999999999999545e+01
9.352000000000001023e+01
9.382000000000000739e+01
9.367999999999999261e+01
9.354000000000000625e+01
9.347999999999998977e+01
9.376000000000000512e+01
9.378000000000000114e+01
9.378000000000000114e+01
9.385999999999999943e+01
9.414000000000000057e+01
9.384000000000000341e+01
9.357999999999999829e+01
9.332000000000000739e+01
9.343999999999999773e+01
9.337999999999999545e+01
9.370000000000000284e+01
9.373999999999999488e+01
9.385999999999999943e+01
9.406000000000000227e+01
9.337999999999999545e+01
9.376000000000000512e+01
9.371999999999999886e+01
9.362000000000000455e+01
9.362000000000000455e+01
9.393999999999999773e+01
9.371999999999999886e+01
9.354000000000000625e+01
9.378000000000000114e+01
9.382000000000000739e+01
9.376000000000000512e+01
9.356000000000000227e+01
9.365999999999999659e+01
9.352000000000001023e+01
9.392000000000000171e+01
9.378000000000000114e+01
9.373999999999999488e+01
9.340000000000000568e+01
9.365999999999999659e+01
9.365999999999999659e+01
9.371999999999999886e+01
9.352000000000001023e+01
9.385999999999999943e+01
9.371999999999999886e+01
9.417999999999999261e+01
9.335999999999999943e+01
9.332000000000000739e+01
9.382000000000000739e+01
9.356000000000000227e+01
9.382000000000000739e+01
9.356000000000000227e+01
9.382000000000000739e+01
9.379999999999999716e+01
9.428000000000000114e+01
9.364000000000000057e+01
9.378000000000000114e+01
9.395999999999999375e+01
9.364000000000000057e+01
9.332000000000000739e+01
9.389999999999999147e+01
9.364000000000000057e+01
9.362000000000000455e+01
9.409999999999999432e+01
9.376000000000000512e+01
9.378000000000000114e+01
9.382000000000000739e+01
9.379999999999999716e+01
9.393999999999999773e+01
9.328000000000000114e+01
9.385999999999999943e+01
9.335999999999999943e+01
9.360000000000000853e+01
9.365999999999999659e+01
9.342000000000000171e+01
9.350000000000000000e+01
9.373999999999999488e+01
9.407999999999999829e+01
9.342000000000000171e+01
9.378000000000000114e+01
9.417999999999999261e+01
9.382000000000000739e+01
9.332000000000000739e+01
9.342000000000000171e+01
9.364000000000000057e+01
9.379999999999999716e+01
9.345999999999999375e+01
9.371999999999999886e+01
9.382000000000000739e+01
9.382000000000000739e+01
9.382000000000000739e+01
9.393999999999999773e+01
9.395999999999999375e+01
9.370000000000000284e+01
9.378000000000000114e+01
9.400000000000000000e+01
9.389999999999999147e+01
9.379999999999999716e+01
9.343999999999999773e+01
9.360000000000000853e+01
9.378000000000000114e+01
9.392000000000000171e+01
9.364000000000000057e+01
9.345999999999999375e+01
9.382000000000000739e+01
9.352000000000001023e+01
9.384000000000000341e+01
9.367999999999999261e+01
9.385999999999999943e+01
9.373999999999999488e+01
9.392000000000000171e+01
9.354000000000000625e+01
9.343999999999999773e+01
9.371999999999999886e+01
9.387999999999999545e+01
9.378000000000000114e+01
9.364000000000000057e+01
9.356000000000000227e+01
9.384000000000000341e+01
9.354000000000000625e+01
9.376000000000000512e+01
9.364000000000000057e+01
9.382000000000000739e+01
9.365999999999999659e+01
9.335999999999999943e+01
9.350000000000000000e+01
9.402000000000001023e+01
9.378000000000000114e+01
9.357999999999999829e+01
9.340000000000000568e+01
9.370000000000000284e+01
9.370000000000000284e+01
9.342000000000000171e+01
9.347999999999998977e+01
9.357999999999999829e+01
9.345999999999999375e+01
9.347999999999998977e+01
9.340000000000000568e+01
9.379999999999999716e+01
9.384000000000000341e+01
9.370000000000000284e+01
9.378000000000000114e+01
9.382000000000000739e+01
9.378000000000000114e+01
9.376000000000000512e+01
9.393999999999999773e+01
9.362000000000000455e+01
9.392000000000000171e+01
9.371999999999999886e+01
9.371999999999999886e+01
9.371999999999999886e+01
9.345999999999999375e+01
9.365999999999999659e+01
9.365999999999999659e+01
9.367999999999999261e+01
9.385999999999999943e+01
9.356000000000000227e+01
9.379999999999999716e+01
9.364000000000000057e+01
9.384000000000000341e+01
9.365999999999999659e+01
9.370000000000000284e+01
9.384000000000000341e+01
9.357999999999999829e+01
9.365999999999999659e+01
9.385999999999999943e+01
9.382000000000000739e+01
9.371999999999999886e+01
9.357999999999999829e+01
9.362000000000000455e+01
9.393999999999999773e+01
9.378000000000000114e+01
9.360000000000000853e+01
9.382000000000000739e+01
9.400000000000000000e+01
9.342000000000000171e+01
9.364000000000000057e+01
9.404000000000000625e+01
9.360000000000000853e+01
9.392000000000000171e+01
9.340000000000000568e+01
9.385999999999999943e+01
9.343999999999999773e+01
9.362000000000000455e+01
9.356000000000000227e+01
9.356000000000000227e+01
9.347999999999998977e+01
9.352000000000001023e+01
9.395999999999999375e+01
9.357999999999999829e+01
9.384000000000000341e+01
9.352000000000001023e+01
9.373999999999999488e+01
9.364000000000000057e+01
